

0000000000000000000000000000000
0                  4  0   3   0
0  0000000000000000   0 00    0
0  0              0   0 0000  0
0  0         0000 0   0 0060  0
0000     2   0  0 0   0 0  0  0
0  0         0  0 0   0 0 00  0
0  0    3    0  0 0  20 0  0  0
0  0 000000  0  0 0   0 00 0  0
0  0 0    0  0  0 0   0 0  0  0
0  0 0 00 0  0  0 0   0 0 00  0
0  0 0  0 0  0  0 02  0 0  0  0
0  0 0 00 0  0  0 0  40 00 0  0
0  0 000  0  0    0   0    0  0
0  0      0  0    0   0    0  0
0  00000000  000000  0000000  0
03                            0
0                            30
0  00000000000000000000  000000
0                        7   50
0000000000000000000000000000000
